58 0.353683 0.597338 0.250681 0.187175 0.750749
58 0.798436 0.630491 0.129938 0.125294 0.667191
58 0.193738 0.63177 0.140309 0.123212 0.661447
58 0.545857 0.646961 0.145979 0.093653 0.562447
58 0.923124 0.649058 0.153739 0.0949242 0.487594
0 0.133599 0.689862 0.265369 0.583352 0.418997
0 0.101693 0.625868 0.201002 0.454723 0.351125
58 0.674852 0.626536 0.136365 0.136342 0.317269
75 0.4427 0.670991 0.0758943 0.0409423 0.295745
0 0.0413086 0.947296 0.0803104 0.0631466 0.280309
58 0.745601 0.3034 0.112454 0.0553026 0.272857
