58 0.353154 0.597414 0.251616 0.187047 0.741706
58 0.194264 0.631749 0.139622 0.123558 0.732521
58 0.798616 0.630524 0.130254 0.125224 0.66948
58 0.545804 0.646933 0.145889 0.0936541 0.57477
58 0.923314 0.649011 0.153371 0.0948814 0.490621
0 0.0412577 0.947491 0.0800457 0.0627521 0.358681
0 0.0497656 0.628393 0.0955046 0.457734 0.346875
75 0.442681 0.671003 0.075847 0.0409696 0.330062
58 0.674996 0.626489 0.136799 0.136363 0.326582
58 0.193698 0.653597 0.131349 0.0797902 0.301754
58 0.548692 0.65329 0.116988 0.0841118 0.276494
58 0.745627 0.303421 0.112606 0.0552981 0.270591
