56 0.56605 0.767415 0.293573 0.290133 0.925516
56 0.871622 0.861598 0.256756 0.275592 0.875381
0 0.292668 0.531464 0.108686 0.0795418 0.704974
56 0.149006 0.677106 0.104547 0.163059 0.658472
56 0.938788 0.704516 0.122425 0.123869 0.641512
0 0.126895 0.532331 0.0775724 0.0527119 0.60323
0 0.649484 0.531873 0.0487442 0.0658071 0.543615
0 0.586356 0.562343 0.0830815 0.13854 0.521706
56 0.882515 0.61535 0.146395 0.0235416 0.497649
56 0.324816 0.690304 0.188303 0.151486 0.469067
58 0.51402 0.566363 0.145866 0.121969 0.445962
56 0.642174 0.613805 0.0868738 0.0578997 0.377044
60 0.71383 0.740183 0.286518 0.204517 0.250409
