56 0.586744 0.767851 0.29553 0.290993 0.938603
56 0.880714 0.862938 0.238572 0.272846 0.896318
0 0.31376 0.531483 0.10946 0.0795226 0.682836
0 0.572962 0.526734 0.0774512 0.0644814 0.671927
56 0.164093 0.675216 0.142292 0.165827 0.658345
0 0.672669 0.53163 0.0453652 0.0644756 0.51576
56 0.90702 0.6156 0.144984 0.0235668 0.495374
56 0.651777 0.612508 0.102325 0.0632019 0.475042
0 0.626225 0.539169 0.0389022 0.0501186 0.39095
56 0.346754 0.693856 0.180076 0.146725 0.370245
56 0.951398 0.698163 0.0972032 0.139101 0.347046
56 0.0496617 0.662275 0.0993234 0.128372 0.346029
56 0.899837 0.68551 0.195664 0.126301 0.33714
0 0.137411 0.531687 0.0517899 0.0515535 0.333939
60 0.725505 0.66713 0.262995 0.0506931 0.302043
56 0.888474 0.58216 0.0706879 0.0220412 0.269154
