56 0.575662 0.767563 0.303966 0.291705 0.934529
56 0.877818 0.862507 0.244363 0.273684 0.872842
0 0.299602 0.531792 0.108886 0.0800764 0.73676
56 0.154505 0.675587 0.103721 0.163727 0.675357
0 0.124779 0.533026 0.061242 0.0544678 0.547536
56 0.646191 0.614558 0.0933394 0.0601471 0.511291
0 0.657734 0.533058 0.0493184 0.0655447 0.508027
0 0.585332 0.562172 0.078511 0.13745 0.500179
56 0.889848 0.615782 0.145714 0.0234806 0.482239
56 0.315438 0.689565 0.217616 0.150859 0.387814
60 0.708365 0.668102 0.256194 0.0486079 0.361869
58 0.527176 0.565882 0.159509 0.121593 0.361292
56 0.894368 0.684472 0.210781 0.124711 0.359324
56 0.945941 0.70236 0.108119 0.130015 0.344875
0 0.586122 0.530357 0.0836379 0.0738321 0.337327
41 0.720287 0.635409 0.0451898 0.0367352 0.325863
56 0.05439 0.657783 0.107066 0.132909 0.295135
56 0.87139 0.584828 0.067721 0.0266125 0.290365
60 0.713902 0.747953 0.270255 0.215604 0.267313
60 0.893998 0.684897 0.20892 0.123749 0.251626
