0 0.776881 0.469515 0.446237 0.584132 0.636764
40 0.577697 0.548941 0.126012 0.176185 0.612302
0 0.945057 0.899762 0.10589 0.198184 0.602722
0 0.509104 0.364072 0.257239 0.255938 0.578607
0 0.214347 0.633599 0.426697 0.0929852 0.557158
45 0.417091 0.587466 0.183447 0.0478596 0.479045
0 0.511844 0.325556 0.249116 0.177297 0.385361
61 0.148887 0.91082 0.294146 0.17836 0.359751
0 0.772512 0.698062 0.454977 0.599934 0.356806
45 0.615441 0.659478 0.170086 0.0254095 0.341975
45 0.485026 0.621963 0.120089 0.0242119 0.307717
45 0.766207 0.661941 0.147823 0.0225826 0.267296
