0 0.699041 0.696085 0.339039 0.604111 0.854646
58 0.802152 0.629436 0.122503 0.129499 0.699555
58 0.192091 0.632511 0.141534 0.121667 0.630231
58 0.790239 0.637025 0.0957906 0.114261 0.596053
58 0.32473 0.597827 0.188675 0.18616 0.580035
26 0.6259 0.558766 0.203559 0.153327 0.41213
58 0.92275 0.64777 0.154162 0.0952206 0.389471
58 0.525376 0.655179 0.103204 0.0758806 0.359252
58 0.10828 0.469958 0.21367 0.160916 0.312058
58 0.746174 0.303447 0.112565 0.0550704 0.309487
58 0.921762 0.679184 0.156475 0.155174 0.294702
