0 0.494126 0.364898 0.255719 0.254946 0.646339
0 0.935916 0.893277 0.125645 0.21118 0.532853
0 0.785448 0.449025 0.429104 0.543246 0.497965
0 0.777617 0.727156 0.444767 0.539019 0.497798
40 0.598239 0.550236 0.132742 0.18244 0.453629
45 0.750049 0.664564 0.144471 0.0247696 0.420642
0 0.173086 0.653299 0.340624 0.0801332 0.381374
0 0.497329 0.324974 0.249243 0.173701 0.352322
45 0.44557 0.621799 0.171002 0.0233888 0.348121
45 0.597469 0.662878 0.173936 0.0263018 0.295764
45 0.74805 0.671426 0.148691 0.0311432 0.285636
0 0.954711 0.280089 0.0879807 0.206008 0.278949
