0 0.184435 0.698451 0.366472 0.598046 0.874361
58 0.366827 0.597766 0.225831 0.18624 0.815445
26 0.120554 0.581207 0.19154 0.126311 0.703744
58 0.799153 0.630409 0.129722 0.125672 0.664008
58 0.552039 0.647078 0.160883 0.0957504 0.610053
58 0.923019 0.649097 0.153689 0.0953432 0.492415
58 0.674631 0.626547 0.140904 0.136915 0.397573
58 0.745993 0.303394 0.112376 0.0553912 0.287176
26 0.119042 0.60618 0.192188 0.0773474 0.277576
58 0.548908 0.651642 0.118105 0.0879248 0.274883
58 0.736256 0.626533 0.263612 0.133013 0.258811
