0 0.535545 0.670191 0.338157 0.523968 0.918196
58 0.316919 0.59852 0.146315 0.185405 0.575655
58 0.924845 0.650685 0.150309 0.094558 0.496532
58 0.794401 0.629907 0.151502 0.126936 0.463382
58 0.759539 0.625199 0.218562 0.137474 0.377505
58 0.332175 0.606961 0.10884 0.169432 0.372641
58 0.194568 0.631056 0.136148 0.12712 0.3714
58 0.747135 0.305584 0.114802 0.0535854 0.336614
58 0.107585 0.468889 0.210581 0.160632 0.304647
58 0.789812 0.651406 0.0999088 0.0844988 0.294087
58 0.19271 0.654113 0.132429 0.0802757 0.285676
