0 0.894631 0.692518 0.210739 0.609402 0.782706
58 0.192306 0.632289 0.145593 0.122536 0.674315
58 0.804224 0.640222 0.148905 0.107003 0.64295
58 0.326023 0.597438 0.192464 0.187004 0.572468
58 0.544502 0.649695 0.137458 0.0888943 0.542889
26 0.889471 0.560183 0.219021 0.151793 0.520209
26 0.892314 0.584256 0.212035 0.100801 0.513368
58 0.680612 0.624611 0.155447 0.137667 0.410008
58 0.789289 0.647842 0.106016 0.0907881 0.318115
58 0.106791 0.468305 0.210904 0.160568 0.317223
58 0.745922 0.304154 0.108551 0.0549337 0.283135
