0 0.874239 0.650131 0.251521 0.520635 0.707204
58 0.192332 0.632347 0.145585 0.122487 0.6792
58 0.336646 0.59749 0.213782 0.18692 0.581819
58 0.54509 0.649913 0.137117 0.0883384 0.556942
58 0.687571 0.624043 0.171854 0.140226 0.486905
26 0.868854 0.559849 0.221455 0.162565 0.480011
58 0.797688 0.641398 0.127877 0.103719 0.429372
58 0.792804 0.651412 0.10496 0.0834537 0.408914
58 0.106821 0.468206 0.210843 0.160436 0.325228
58 0.745946 0.303546 0.113648 0.0549727 0.291129
0 0.941683 0.911642 0.116635 0.175682 0.257355
