40 0.59021 0.548352 0.127528 0.17582 0.83905
0 0.503814 0.363526 0.254988 0.252987 0.605015
0 0.781809 0.465866 0.436381 0.571047 0.602485
0 0.942791 0.896426 0.111557 0.204273 0.59581
0 0.198157 0.645488 0.39386 0.0812055 0.49756
0 0.506117 0.325481 0.250019 0.176565 0.437091
45 0.758441 0.665906 0.144136 0.0280781 0.395626
45 0.459316 0.621377 0.158335 0.0218225 0.371504
45 0.404628 0.591555 0.18665 0.0443755 0.355714
45 0.607225 0.662819 0.170603 0.0277664 0.33952
0 0.776304 0.726519 0.447392 0.534376 0.292438
45 0.609816 0.658672 0.16502 0.0210136 0.273685
40 0.602757 0.54979 0.096618 0.159842 0.268863
45 0.75919 0.662588 0.140997 0.0198147 0.251328
