0 0.537385 0.672319 0.367724 0.527884 0.921099
58 0.315981 0.598482 0.144289 0.185689 0.542253
58 0.924998 0.650593 0.150003 0.094384 0.484306
58 0.799654 0.63038 0.139155 0.125811 0.459481
58 0.76106 0.625352 0.21383 0.13666 0.333893
58 0.747091 0.305545 0.114727 0.053659 0.329335
58 0.107029 0.468512 0.209934 0.161093 0.323088
58 0.194492 0.631058 0.135493 0.127123 0.32104
58 0.194069 0.657723 0.129898 0.0735781 0.315201
58 0.790471 0.651617 0.0987311 0.0841044 0.30701
58 0.331887 0.613627 0.106763 0.156468 0.285335
