40 0.543472 0.542887 0.12218 0.16206 0.753296
0 0.758742 0.440188 0.482516 0.526472 0.592586
0 0.522021 0.32383 0.250761 0.176021 0.590488
0 0.265482 0.602928 0.530963 0.792376 0.518025
0 0.259266 0.514142 0.518531 0.565079 0.49673
0 0.951916 0.881853 0.0953166 0.148862 0.493339
45 0.624113 0.660192 0.170756 0.0258549 0.421567
45 0.774373 0.662573 0.148011 0.027546 0.361128
0 0.757618 0.632419 0.484763 0.719694 0.35107
0 0.954674 0.279761 0.089228 0.199871 0.275561
0 0.521718 0.366222 0.26086 0.262021 0.265292
