56 0.577406 0.767165 0.302675 0.29139 0.932687
56 0.879525 0.862643 0.240951 0.273423 0.883735
0 0.301982 0.532028 0.110631 0.0807119 0.722838
56 0.155981 0.675532 0.102098 0.163413 0.637221
56 0.893159 0.615479 0.147099 0.0233469 0.539048
0 0.13271 0.532723 0.0733204 0.0533985 0.508647
0 0.586091 0.529445 0.0813899 0.0701975 0.502902
56 0.646848 0.614863 0.0970069 0.0616924 0.484281
56 0.0546831 0.658833 0.108873 0.134194 0.469587
0 0.659423 0.533253 0.0499212 0.064921 0.461892
56 0.894563 0.687084 0.210351 0.129543 0.367774
58 0.530826 0.565736 0.158948 0.121446 0.352531
41 0.72114 0.635726 0.0440308 0.0365944 0.351498
60 0.717474 0.666988 0.264956 0.048893 0.33335
60 0.719124 0.750965 0.272312 0.225487 0.303924
56 0.310005 0.689778 0.232126 0.150486 0.269246
