56 0.5793 0.767586 0.297372 0.292298 0.932046
56 0.880441 0.862834 0.239118 0.273041 0.88262
0 0.303583 0.531449 0.110221 0.0802026 0.713691
56 0.161812 0.676119 0.109406 0.164584 0.62664
56 0.895299 0.615703 0.146131 0.0234221 0.585802
0 0.135807 0.532966 0.072713 0.0533737 0.535921
0 0.585936 0.530286 0.0823658 0.072703 0.513135
56 0.646332 0.615984 0.0979448 0.0642817 0.512726
0 0.661592 0.533068 0.0516914 0.0648488 0.472731
56 0.895254 0.691117 0.209492 0.136822 0.459613
56 0.0556168 0.658453 0.110206 0.134881 0.432837
41 0.722195 0.636216 0.0433438 0.0366116 0.312641
56 0.799087 0.733939 0.401735 0.222132 0.29813
58 0.531305 0.565529 0.152901 0.121065 0.297093
56 0.30521 0.689237 0.246196 0.152223 0.291237
60 0.716603 0.666562 0.263042 0.0477776 0.271555
56 0.938453 0.696965 0.123094 0.141343 0.263641
