56 0.57252 0.767491 0.301118 0.291356 0.926699
56 0.875649 0.862505 0.248702 0.273755 0.874653
0 0.299165 0.532211 0.111403 0.0806812 0.742446
56 0.14495 0.675715 0.111395 0.163455 0.705
0 0.655466 0.532115 0.0486508 0.065661 0.538297
56 0.643974 0.61383 0.0916519 0.0586865 0.507491
0 0.585016 0.561683 0.0796571 0.136935 0.482709
56 0.886253 0.615668 0.144959 0.0235153 0.481043
0 0.123862 0.532358 0.0621356 0.0537451 0.458394
56 0.32478 0.689749 0.196903 0.151817 0.425108
58 0.527454 0.566768 0.174069 0.123047 0.380292
56 0.946533 0.704218 0.106934 0.125155 0.346703
60 0.703732 0.667664 0.252903 0.0493002 0.337679
60 0.718697 0.746996 0.287407 0.215053 0.32854
0 0.585494 0.530525 0.0851257 0.0743462 0.325013
41 0.718631 0.635652 0.0453827 0.036877 0.318462
56 0.893835 0.68808 0.212184 0.131293 0.300142
56 0.879016 0.591121 0.138192 0.031326 0.28222
56 0.894815 0.596829 0.168893 0.0546141 0.252058
