56 0.564707 0.767533 0.293762 0.290176 0.929573
56 0.871475 0.861948 0.257051 0.274892 0.872853
0 0.291856 0.531488 0.108771 0.079866 0.712435
56 0.142647 0.676078 0.106572 0.163737 0.657569
56 0.939404 0.70369 0.121192 0.12314 0.618674
0 0.648397 0.531287 0.0486025 0.0659513 0.562091
0 0.124608 0.53223 0.076036 0.0523005 0.520331
56 0.322639 0.690462 0.188234 0.151482 0.441277
56 0.881733 0.615177 0.14702 0.0235765 0.42245
56 0.639983 0.616381 0.100853 0.0612049 0.414238
58 0.518915 0.566595 0.16323 0.122649 0.353747
0 0.585649 0.562028 0.0834952 0.138112 0.3343
60 0.718232 0.741356 0.296416 0.205648 0.318633
60 0.708404 0.667716 0.270298 0.051741 0.285005
60 0.708569 0.678436 0.272654 0.0720896 0.271094
0 0.58678 0.530435 0.0852715 0.0738642 0.270189
60 0.272385 0.682555 0.292857 0.165555 0.265417
