0 0.872027 0.665309 0.255946 0.546904 0.678597
58 0.192409 0.632301 0.145494 0.122565 0.677705
58 0.347891 0.597561 0.236519 0.187004 0.588219
58 0.681434 0.624071 0.160974 0.141002 0.562179
26 0.847052 0.562196 0.199505 0.162435 0.53851
58 0.545461 0.64968 0.13787 0.0890842 0.53767
58 0.794738 0.653567 0.107174 0.078216 0.497142
58 0.792942 0.586974 0.113042 0.211633 0.346183
0 0.917737 0.934663 0.164525 0.129667 0.341158
58 0.106833 0.468243 0.210952 0.160335 0.327779
58 0.746009 0.304258 0.108883 0.0547171 0.288532
