56 0.586143 0.768244 0.297104 0.291768 0.939082
56 0.881025 0.862551 0.23795 0.27364 0.892824
0 0.31054 0.53184 0.111215 0.0809161 0.705797
56 0.166618 0.675981 0.13199 0.167831 0.652153
0 0.578322 0.527235 0.0767504 0.0666555 0.640692
56 0.651802 0.612669 0.10018 0.0584951 0.542531
56 0.900677 0.61594 0.144269 0.0241364 0.538954
0 0.668991 0.531563 0.0440382 0.0637232 0.495481
56 0.951075 0.703842 0.0978498 0.131615 0.493174
0 0.13328 0.531843 0.0531548 0.0515411 0.476144
56 0.897671 0.684937 0.20172 0.125825 0.375015
0 0.626826 0.537544 0.0405835 0.0478455 0.365781
60 0.726291 0.75151 0.28111 0.222292 0.336003
56 0.884476 0.587195 0.0722599 0.0315808 0.320242
56 0.340013 0.692358 0.188663 0.147574 0.300273
60 0.297929 0.679218 0.276922 0.169843 0.298821
56 0.050951 0.659882 0.101587 0.127867 0.280785
60 0.719811 0.667094 0.265692 0.0503452 0.279644
58 0.53694 0.582495 0.161628 0.154199 0.260588
