0 0.759961 0.697634 0.43406 0.604731 0.893163
58 0.192495 0.632336 0.142982 0.121981 0.682806
58 0.336542 0.597643 0.211724 0.186577 0.626537
58 0.54032 0.650887 0.131073 0.0862611 0.601492
26 0.655946 0.561408 0.216823 0.149271 0.58816
58 0.82402 0.645731 0.110012 0.0998438 0.417331
58 0.803077 0.649639 0.0689894 0.0914394 0.378371
58 0.9232 0.650235 0.1536 0.0916672 0.343979
58 0.108107 0.469739 0.21374 0.160914 0.328415
58 0.7461 0.303414 0.112455 0.0550561 0.313251
58 0.437202 0.645953 0.094843 0.0870388 0.305041
58 0.802836 0.664501 0.0681515 0.0603363 0.256067
