56 0.560003 0.767956 0.291357 0.290962 0.92474
56 0.872367 0.861603 0.255266 0.275601 0.880262
0 0.28493 0.53064 0.108658 0.0800055 0.685083
56 0.120636 0.676089 0.140901 0.168991 0.569071
56 0.938226 0.703936 0.123549 0.122447 0.551732
0 0.644151 0.531093 0.0418332 0.0638701 0.515967
56 0.318248 0.690428 0.189039 0.151268 0.472596
56 0.63719 0.614538 0.0783687 0.0571708 0.437603
0 0.115422 0.533597 0.0678287 0.0528341 0.41337
56 0.876872 0.61489 0.143704 0.0236593 0.412742
56 0.746083 0.594106 0.0530333 0.0282772 0.348547
60 0.712069 0.681731 0.293891 0.0820943 0.331976
0 0.58398 0.530135 0.0946796 0.0698294 0.273148
60 0.708671 0.667297 0.28719 0.0509882 0.257378
58 0.521197 0.571064 0.185353 0.132799 0.250592
