0 0.182839 0.690618 0.363809 0.583598 0.899581
58 0.355909 0.597425 0.24661 0.187226 0.787851
58 0.799034 0.630224 0.13062 0.125923 0.666919
58 0.546658 0.647342 0.147102 0.0939426 0.608352
58 0.215501 0.629873 0.103432 0.126109 0.576991
58 0.923324 0.649085 0.153351 0.0953128 0.464984
26 0.0679453 0.587801 0.133665 0.103568 0.380103
58 0.67435 0.626404 0.138356 0.136722 0.369514
67 0.133671 0.467888 0.0434894 0.0354277 0.34441
75 0.442805 0.671028 0.0763567 0.0408687 0.28507
58 0.746035 0.303377 0.112533 0.0552605 0.275815
58 0.921692 0.680835 0.156615 0.157359 0.262558
