58 0.351611 0.597575 0.252859 0.18697 0.701327
58 0.194228 0.632034 0.139553 0.123255 0.689741
58 0.798493 0.630592 0.130545 0.125076 0.670619
58 0.550541 0.646859 0.158442 0.0952305 0.58297
58 0.923516 0.648954 0.152969 0.0948967 0.492503
0 0.0412316 0.94753 0.080725 0.0620193 0.371588
58 0.675516 0.626756 0.13708 0.135851 0.350285
58 0.193859 0.653158 0.130948 0.0805493 0.297413
58 0.745934 0.303463 0.112795 0.0552577 0.280978
58 0.548656 0.653238 0.117155 0.0841122 0.26839
75 0.442719 0.671052 0.0757239 0.0411867 0.256021
