0 0.540854 0.672219 0.41807 0.530737 0.890488
58 0.924673 0.650412 0.150653 0.0945311 0.497848
58 0.339925 0.638816 0.112827 0.106464 0.486829
58 0.792086 0.629699 0.158988 0.12822 0.484099
58 0.761944 0.62609 0.216967 0.136848 0.47049
58 0.19449 0.631081 0.136205 0.127395 0.379648
58 0.107 0.467579 0.209873 0.162058 0.368021
58 0.339198 0.61795 0.116895 0.147704 0.317016
58 0.74706 0.305694 0.114069 0.0532419 0.309902
58 0.192886 0.654339 0.133082 0.0801582 0.299584
58 0.320251 0.599742 0.158487 0.183958 0.295134
