0 0.54058 0.672483 0.414028 0.530726 0.894882
58 0.924712 0.650515 0.150577 0.0943947 0.515647
58 0.797352 0.630071 0.146247 0.127087 0.491126
58 0.334046 0.642237 0.10024 0.0996539 0.461895
58 0.762213 0.625916 0.215316 0.136501 0.434151
58 0.194375 0.630935 0.136545 0.127671 0.345068
58 0.107041 0.467723 0.209855 0.162099 0.3381
58 0.334994 0.621274 0.106213 0.141177 0.328403
58 0.747027 0.305732 0.114066 0.0531332 0.319789
58 0.194145 0.657947 0.130197 0.0732836 0.319377
58 0.312777 0.599039 0.151147 0.185653 0.30217
58 0.790757 0.65275 0.0968296 0.0819122 0.254206
