56 0.587985 0.768124 0.298132 0.29121 0.940068
56 0.880977 0.86245 0.238046 0.273816 0.891702
0 0.312889 0.53187 0.10916 0.0804335 0.721267
56 0.163626 0.676051 0.136784 0.167177 0.664118
0 0.575107 0.526408 0.0774564 0.0646154 0.616912
56 0.651653 0.612308 0.101264 0.0619676 0.533599
56 0.904567 0.61577 0.147631 0.0237508 0.506065
0 0.669977 0.531959 0.0469845 0.063059 0.494011
56 0.950949 0.69751 0.0981029 0.13956 0.448405
0 0.626992 0.539282 0.038971 0.0503704 0.440479
56 0.899275 0.685339 0.196986 0.124993 0.432676
0 0.133977 0.531732 0.0499898 0.051815 0.420944
56 0.0505465 0.661403 0.101093 0.127966 0.372454
56 0.342418 0.69194 0.185624 0.146814 0.371564
60 0.721835 0.666571 0.258328 0.0500896 0.316306
56 0.885969 0.586577 0.0681291 0.0293888 0.266796
60 0.300331 0.678838 0.274882 0.168929 0.262034
56 0.341062 0.716306 0.178919 0.0993843 0.261261
