0 0.520493 0.325818 0.249174 0.179551 0.635815
40 0.554082 0.543022 0.124868 0.161852 0.604706
0 0.763609 0.440784 0.472781 0.526361 0.571795
0 0.251853 0.608697 0.503707 0.745092 0.564159
0 0.94939 0.881201 0.0988864 0.149067 0.473136
0 0.762485 0.681325 0.47503 0.613855 0.380641
45 0.622619 0.660241 0.165988 0.0263851 0.370654
45 0.772867 0.66241 0.147641 0.025098 0.305796
0 0.252442 0.45674 0.50468 0.438039 0.295797
0 0.955384 0.279432 0.0856093 0.199754 0.260173
43 0.468119 0.487003 0.130953 0.152147 0.251775
