56 0.567867 0.767579 0.293603 0.290477 0.923556
56 0.874529 0.862008 0.250942 0.274784 0.874252
0 0.296094 0.531649 0.107901 0.0795171 0.734732
56 0.143977 0.675052 0.104318 0.160567 0.722228
0 0.585754 0.561162 0.0816541 0.136412 0.618795
0 0.652396 0.532808 0.0531937 0.0668968 0.597634
0 0.125562 0.532334 0.0667934 0.0531908 0.553422
56 0.885218 0.615652 0.145613 0.0235451 0.509478
56 0.64252 0.613513 0.0923263 0.058704 0.502462
56 0.941832 0.703879 0.116337 0.124358 0.478555
56 0.324873 0.688863 0.192074 0.153096 0.434806
58 0.516546 0.566104 0.148805 0.121805 0.415697
60 0.722903 0.745807 0.301774 0.215122 0.319335
60 0.707858 0.667249 0.266524 0.0498874 0.300842
41 0.717112 0.635622 0.044701 0.0368087 0.280158
