56 0.583361 0.768248 0.294944 0.292226 0.940421
56 0.882334 0.862851 0.235332 0.27303 0.892161
0 0.308107 0.531752 0.114564 0.0810967 0.693762
56 0.16177 0.675917 0.121226 0.167672 0.642238
0 0.583234 0.528954 0.0842785 0.0701178 0.637977
56 0.650502 0.613289 0.100215 0.0593002 0.549936
56 0.898021 0.616017 0.145201 0.0235373 0.51544
0 0.666224 0.532397 0.0479955 0.0653103 0.483695
0 0.132585 0.532891 0.0566475 0.0529501 0.453291
56 0.950018 0.699156 0.099964 0.135025 0.353319
0 0.624223 0.53775 0.0387195 0.0475145 0.310938
60 0.721877 0.666209 0.271444 0.0474566 0.309308
56 0.89699 0.687024 0.204641 0.130423 0.301902
60 0.290836 0.680195 0.285698 0.168757 0.299556
60 0.730602 0.752802 0.292708 0.227866 0.280664
58 0.535483 0.581673 0.165825 0.153513 0.280598
56 0.339749 0.692953 0.185833 0.14694 0.277803
56 0.338479 0.718865 0.179626 0.0965769 0.262655
56 0.768651 0.594896 0.0528446 0.0282114 0.252884
56 0.88267 0.586717 0.0662906 0.0306295 0.25262
