0 0.758591 0.464882 0.482818 0.572058 0.600973
0 0.517218 0.326473 0.248441 0.180266 0.578695
0 0.946749 0.896249 0.10326 0.182753 0.470692
40 0.566922 0.551097 0.131195 0.180757 0.469884
45 0.620482 0.659331 0.165614 0.0251938 0.39486
0 0.758947 0.691067 0.482106 0.602369 0.375028
45 0.431472 0.587004 0.164194 0.049337 0.374767
0 0.241406 0.600039 0.482811 0.713121 0.372993
61 0.151691 0.910215 0.299759 0.179558 0.342086
45 0.769747 0.662344 0.146729 0.0240675 0.33945
0 0.513791 0.365786 0.257914 0.260466 0.274522
