56 0.561399 0.768233 0.291624 0.290639 0.927634
56 0.870781 0.861506 0.258438 0.275806 0.872111
0 0.287865 0.531448 0.109197 0.081319 0.664113
56 0.134086 0.676193 0.125394 0.168758 0.56506
0 0.6467 0.530803 0.0429153 0.0641396 0.5053
56 0.317308 0.690257 0.193511 0.15117 0.415114
56 0.93835 0.704244 0.1233 0.122753 0.410357
0 0.111508 0.53328 0.0578254 0.0526514 0.406363
56 0.878109 0.61507 0.142952 0.0234638 0.384546
56 0.633041 0.616262 0.0857869 0.0597292 0.374127
0 0.584375 0.529201 0.0934564 0.0690063 0.363176
60 0.70521 0.679749 0.272022 0.0765905 0.340833
56 0.746557 0.593443 0.0506497 0.0264303 0.314385
60 0.715556 0.745014 0.297017 0.211458 0.295231
60 0.701706 0.667254 0.264701 0.0511488 0.280883
0 0.124974 0.532916 0.086789 0.0531641 0.279749
56 0.885249 0.684555 0.221658 0.127151 0.266848
58 0.522988 0.576699 0.186906 0.142955 0.265394
