58 0.352635 0.597463 0.251994 0.186996 0.718668
58 0.194293 0.632059 0.139589 0.122871 0.690712
58 0.798708 0.630543 0.130424 0.125156 0.669594
58 0.54572 0.646899 0.145988 0.0936604 0.581542
58 0.923486 0.649002 0.153027 0.0948509 0.488027
0 0.0411152 0.947301 0.0804473 0.062878 0.38379
58 0.108732 0.59787 0.215368 0.415799 0.33762
58 0.675153 0.626573 0.137199 0.136191 0.334199
75 0.442716 0.671012 0.075863 0.0410639 0.307516
58 0.193788 0.653177 0.13134 0.0804247 0.305311
58 0.745681 0.303402 0.112458 0.0553261 0.271677
58 0.548615 0.653178 0.117164 0.0842152 0.270758
