56 0.564519 0.767903 0.29473 0.290172 0.926269
56 0.870994 0.861591 0.258013 0.275633 0.880195
0 0.289959 0.531035 0.107164 0.0807425 0.702193
56 0.142482 0.67699 0.107388 0.164956 0.625983
0 0.647534 0.531146 0.0458798 0.0648384 0.507552
0 0.114745 0.533053 0.0599611 0.0522074 0.490547
56 0.319665 0.690733 0.189876 0.150882 0.464832
56 0.879883 0.615186 0.145753 0.0239695 0.455224
56 0.93909 0.704449 0.121821 0.12334 0.415116
56 0.641455 0.613815 0.0849754 0.057843 0.402887
58 0.526214 0.568394 0.184124 0.126413 0.314194
60 0.702024 0.666723 0.25824 0.0501942 0.313896
60 0.714855 0.744915 0.291046 0.213207 0.303864
0 0.586578 0.52912 0.088148 0.0700058 0.279438
56 0.0806936 0.657582 0.0645838 0.135709 0.272586
56 0.749512 0.595316 0.0557587 0.0292686 0.259003
