0 0.538623 0.673185 0.40466 0.5338 0.881842
58 0.924376 0.650499 0.151248 0.0949089 0.535478
58 0.799134 0.62974 0.147933 0.127218 0.523649
58 0.339632 0.64156 0.109343 0.101507 0.434153
58 0.761025 0.625596 0.224284 0.136324 0.414862
58 0.193707 0.632212 0.136208 0.123878 0.406042
58 0.192766 0.652035 0.133957 0.08452 0.365673
58 0.106991 0.46757 0.209921 0.162201 0.336842
58 0.74717 0.305738 0.114759 0.053203 0.329307
58 0.339318 0.60579 0.115671 0.172611 0.324716
58 0.316029 0.598861 0.166145 0.186687 0.278519
