0 0.520565 0.666652 0.309622 0.513836 0.928499
58 0.324735 0.5982 0.182377 0.186862 0.680471
58 0.801487 0.631277 0.136522 0.124799 0.557065
58 0.925069 0.650575 0.149861 0.0942927 0.469266
58 0.193918 0.631297 0.137135 0.126636 0.406557
58 0.747072 0.305211 0.115207 0.0543872 0.341368
58 0.192311 0.651848 0.13337 0.0845657 0.319104
58 0.10826 0.469142 0.211759 0.15836 0.303422
58 0.78994 0.651423 0.100059 0.0845234 0.299179
58 0.761994 0.625784 0.227363 0.136571 0.276487
58 0.703083 0.624904 0.135405 0.142418 0.262198
