0 0.668328 0.693622 0.340042 0.601145 0.874452
58 0.796794 0.629516 0.141217 0.127177 0.778593
58 0.192185 0.632616 0.141088 0.121548 0.635569
58 0.3259 0.597975 0.18906 0.185716 0.55666
58 0.923756 0.648219 0.15208 0.0937252 0.513273
26 0.608371 0.561117 0.190908 0.146579 0.425692
58 0.784573 0.64735 0.106368 0.0920134 0.344951
58 0.515851 0.654937 0.0852567 0.0756928 0.341023
58 0.746142 0.303378 0.112275 0.055004 0.316426
58 0.108507 0.470117 0.213916 0.160732 0.273728
58 0.922812 0.680259 0.154375 0.156692 0.259643
