0 0.538774 0.67201 0.390991 0.529969 0.905937
58 0.924773 0.650561 0.150455 0.0944592 0.497998
58 0.798858 0.630248 0.142131 0.126288 0.496685
58 0.33444 0.640454 0.101301 0.103205 0.441639
58 0.762196 0.625831 0.212947 0.136101 0.403929
58 0.106991 0.46759 0.209681 0.161966 0.363482
58 0.194285 0.63106 0.136342 0.127393 0.356284
58 0.747199 0.305547 0.114537 0.0535245 0.342537
58 0.790503 0.652226 0.0978231 0.0827106 0.31841
58 0.310342 0.598535 0.165094 0.18714 0.312875
58 0.19412 0.657834 0.130239 0.073505 0.302622
58 0.33547 0.620148 0.107667 0.143356 0.301634
