56 0.582136 0.768272 0.295999 0.292177 0.933417
56 0.881833 0.862641 0.236333 0.273465 0.898646
0 0.308143 0.531688 0.110205 0.0809227 0.710982
56 0.159149 0.676298 0.118408 0.166641 0.641311
56 0.896867 0.615902 0.144604 0.0236525 0.591977
56 0.648819 0.614086 0.0999198 0.0605352 0.529439
0 0.584679 0.529854 0.084407 0.07082 0.523174
0 0.134567 0.532924 0.0631058 0.0527571 0.498827
0 0.665341 0.532143 0.0443851 0.0646622 0.484694
56 0.949055 0.698304 0.10189 0.137893 0.393638
56 0.896229 0.690567 0.207543 0.135916 0.378246
58 0.534692 0.570189 0.164676 0.130864 0.352734
56 0.053771 0.657781 0.106248 0.132052 0.28345
60 0.291059 0.681322 0.283051 0.166739 0.279272
60 0.720277 0.666022 0.270367 0.0455149 0.263483
56 0.33623 0.699445 0.18322 0.137261 0.254864
