0 0.730271 0.696812 0.375253 0.605408 0.884067
58 0.796014 0.646121 0.0842736 0.0958488 0.738144
58 0.192188 0.632471 0.142191 0.121734 0.662387
58 0.328771 0.597733 0.192603 0.186246 0.607732
58 0.815354 0.643124 0.122575 0.103956 0.559687
26 0.641851 0.559112 0.20004 0.151169 0.511132
58 0.797418 0.66958 0.0794332 0.0504832 0.400476
58 0.746158 0.30339 0.112454 0.0549204 0.33696
58 0.534358 0.647103 0.113355 0.0926715 0.329983
58 0.108101 0.469858 0.213553 0.160996 0.327177
58 0.924033 0.65014 0.151934 0.0922149 0.317386
58 0.437953 0.646072 0.0929597 0.0870798 0.264062
